function result = WhisperGetHash()

hash = [   0,0,0,0,0,0,1,1, 0, 1, 1, 1, 0, 0, 0, 1, 0,0,0,0,1,1,1,1, 0, 1, 0, 1, 1, 0, 1, 0, 0, 1, 0, 1, 1, 0, 1, 0,...
           0,1,1,0,1,0,1,1, 0, 1, 1, 1, 0, 0, 0, 1, 0,0,0,0,1,1,1,1, 0, 1, 0, 0, 0, 0, 0, 0, 0, 1, 0, 1, 1, 0, 1, 0,...
           0,1,1,0,1,0,1,1, 0, 1, 1, 1, 0, 0, 0, 1, 0,1,0,0,1,1,1,1, 0, 1, 0, 1, 1, 0, 1, 0, 0, 1, 0, 1, 1, 0, 0, 0,...
           0,1,0,0,1,0,1,1, 0, 0, 0, 1, 0, 1, 1, 1, 1,0,0,0,1,1,1,1, 1, 1, 1, 1, 1, 0, 1, 0, 0, 1, 0, 1, 1, 0, 0, 0 ...
         ];
  
result = hash;